           1  0  1  0  1     1  1
                       1     0  1
---------------------------
           1  0  1  0  1     1  1
     0     0  0  0  0  0     0
  1  0     1  0  1  1  1
===========================
  1  0     2  0  2  1  2     1  1
              ^
              |
              |
              |


           01   01   01   11
                     01   01
-----------------------------
           01   01   01   11
      01   01   01   11
============================
      01   01   01   11   11



x = x1 * N + x0
y = y1 * N + y0

z2 = x1*y1
z1 = (x1+x0)*(y1+y0) - z0 - z2
z0 = x0*y0

x*y = z2 * N^2  +  z1 * N  +  z0

                x1        x0
                y1        y0
  ---------------------------
             x1*y0     x0*y0
   x1*y1     x0*y1
  ===========================
      z2        z1        z0

















        1  0  1  0  1  1  1
                    1  0  1                                                                                                                1  0  1
  -------------------------
                    1  0  1

        1  0  1  0  1  1  1
                 1  0  1                                                                                                                1  0  1
  -------------------------
                 0  0  1

        1  0  1  0  1  1  1
              1  0  1                                                                                                                1  0  1
  -------------------------
              1  0  1

        1  0  1  0  1  1  1
           1  0  1                                                                                                                1  0  1
  -------------------------
           0  0  0

        1  0  1  0  1  1  1
        1  0  1                                                                                                                1  0  1
  -------------------------
        1  0  1

  =========================
                    1  0  1
                 0  0  1
              1  0  1
           0  0  0          <-----
        1  0  1
